989879834546773419900000798730000;
69898797
87987700054351292345000005200000001;
100000000000
00000
0000000;
12888888888888888888888888888888888888837733777777;
369876896708970897078798079;
678687687;
1288888888888888888888888888888888888883773377777712888888888888888888888888888888888888837733777777;
128888888888888888888888888888888888888377337777771288888888888888888888888888888888888883773377777712888888888888888888888888888888888888837733777777;
2093845720943875029875490286787643278567; 9999999999999999999999999999999;